17280
3632
4965
4967
4982
4973
17261
3671
17274
4999
3669
18570
3674
3675
3690
17220
18567
11109
12449
12441
12411
9802
9812
9832
9833
9823
9829
9850
9845
7204
9858
8545
11075
8553
12370
12371
12372
24352
9878
11047
12385
8568
12386
8558
7239
8569
12354
8589
11037
12369
8597
8595
8593
11008
12333
14994
12341
12342
12343
11018
17212
3704
3718
3724
11080
24399
3739
11089
3748
23074
3760
3759
3751
3752
3754
13801
13814
16051
17398
16043
16048
16040
13883
11234
12563
12568
12537
9930
12510
9934
9951
12520
8619
16097
16096
9962
8629
9975
8644
12500
9987
11189
11195
8666
7333
8673
9999
6021
11171
8683
42
8695
8693
7365
12473
8698
8692
6030
12480
12483
6058
11120
6059
7381
11126
7399
12460
7390
11135
17324
17332
6088
6080
6082
3803
3804
3809
3801
6091
6094
3815
3837
3831
3832
3835
3850
3853
3856
20920
3878
3886
16177
16172
13904
16183
16154
16168
16141
12671
24656
10010
12673
11348
23336
8704
13984
13992
8718
7401
8728
11310
12645
8755
12616
12614
7417
7435
12620
6120
7453
8780
6117
7449
11285
11287
11290
6143
7477
6145
6153
11263
6159
6151
11266
11268
6164
6161
6171
6170
6180
3909
6196
6191
6190
3911
16121
17451
3928
16129
16127
3922
17422
3935
17424
16105
3940
3957
3956
3963
17413
3979
3975
3991
3982
3987
3988
12718
3997
3998
12710
16295
16299
12703
16288
16282
17583
17599
16265
10139
8808
8802
id
10136
8805
10140
11476
8812
8817
10146
11449
12779
11441
8825
11444
7510
10128
11452
7502
8851
8847
7517
7531
8856
6210
6211
11409
6209
8882
8886
6222
6225
11417
7546
12743
8894
6231
8897
6233
8896
7572
6240
6238
6237
6254
10072
6255
10074
10079
10078
18807
6276
6272
10057
11387
6284
10065
11396
10067
11365
11367
10042
11375
11377
11379
11378
16240
17571
18870
16211
16216
16223
17556
18858
17531
16205
16204
16203
17505
18837
12837
12839
11511
15089
15088
15083
15080
12813
15096
15091
15065
8909
8907
16387
16381
8931
7600
10252
10254
8926
10260
11593
7602
8935
8933
8945
12895
10234
12896
11568
11567
8964
11577
10245
7644
8973
6312
12870
12877
12874
11545
6309
6320
6322
6321
23531
12884
6317
8976
11557
8997
7665
11526
6328
7670
5011
6341
6344
6346
6345
7676
5015
8999
10204
5025
6357
5016
7692
6365
6359
6375
10191
10198
5057
5058
5068
5069
5060
6393
10179
5077
5078
5072
5085
5088
5089
5080
5084
5096
11495
10169
16356
15026
15033
15001
17676
18974
16312
16323
18955
16301
16304
16303
12957
12956
11628
12953
12952
10307
10306
12960
12964
10303
10302
24919
11603
11609
12937
11618
12908
12909
12916
12910
15195
15191
7709
7701
7702
7705
7706
23689
10373
10381
7732
7725
10386
7742
11683
6420
23672
10365
7747
7749
7761
5101
11663
11664
6445
11670
7766
5107
6437
5108
10345
5109
5125
11648
6446
5116
5118
6448
5119
12976
10314
11644
5133
5134
7795
10327
10328
7789
6457
5128
12980
10324
11655
6471
5143
5144
6478
6469
5139
6483
5151
6484
6487
5155
5156
16407
5162
5165
5168
6492
17705
5174
5175
5176
5177
5179
5187
10293
5180
10297
10296
10299
5199
10280
10286
10285
15143
15154
17784
15134
15132
2984
17769
16435
15103
16440
15116
16445
17748
16413
17754
10415
11746
10419
10410
10413
10428
10424
11723
11712
7811
7831
7821
6504
6506
10499
7838
7853
6521
7844
7843
6517
6519
5200
6523
10479
6540
5211
10482
7875
5207
10489
5222
5215
7876
6547
10456
5232
7895
6564
7896
23778
5226
5244
11769
11764
10432
10434
5250
6582
6580
11779
10447
11771
5264
16510
5265
5266
5267
5268
5272
5275
5276
5277
5278
5270
5271
5269
5283
5285
17824
17827
5295
5296
5297
5298
5299
5290
5291
5292
17833
16504
21069
17806
17801
17817
17810
10391
10398
15267
15273
16573
16577
15254
15257
17881
15226
17893
17860
17868
16538
16549
11866
10539
10530
11876
10511
7907
10525
11855
10520
7902
14096
11835
6609
6600
6603
6606
11814
11818
7946
5300
22594
6627
7972
5310
7974
5322
5323
6647
6648
5330
5331
6663
5332
7993
7986
5327
5328
5329
4011
21221
22554
21227
5336
10571
4006
10574
10575
5352
4021
6682
6687
6678
6679
10589
11889
11888
11883
11887
5375
11890
11899
10560
10563
11896
4054
4055
4056
15303
5397
5398
5390
17977
4083
16624
16622
4097
4098
4093
17929
17939
17934
16603
14057
15380
14068
14066
16694
14037
15379
14013
16682
15359
14026
16657
16656
15327
14001
15330
16666
16665
16669
21314
22643
11992
22618
11965
10633
11976
10616
10628
10629
11950
14193
14194
11919
11921
6741
5401
19067
5412
5418
4102
6758
5429
16802
5440
5442
5443
5434
5437
5438
4108
5439
5450
4120
4122
4123
4114
4116
4130
21344
5463
5466
5456
4125
4127
19038
5472
5475
19032
4136
4137
4138
5481
5483
5486
5487
4156
4149
10675
4162
4163
5496
5497
4167
4160
4159
10685
4178
4169
4185
14100
15430
4195
4199
4191
4192
4193
15411
16717
16715
16714
16721
16727
16709
16708
16702
11900
11906
11909
11914
15480
9005
15488
15497
9010
16792
16791
16796
16795
15464
16794
15468
16797
15478
15477
9045
16771
16778
16775
9058
14128
9068
19110
9072
9070
9071
9074
9081
9085
9093
9098
21416
6812
6814
6813
6816
10764
10733
6822
6825
10745
5501
6842
6846
6861
4200
22700
10726
5524
4202
4203
4204
4208
5563
4233
16909
4235
6897
4238
4250
4252
5584
4255
4256
21460
4247
4248
5591
5592
5593
4263
5594
5595
5596
5598
21472
22775
5599
4283
4284
19131
4297
16871
15544
14222
14227
14228
15529
16855
16853
14200
15535
15534
15539
15506
16848
16818
20088
14298
14297
9110
14272
9122
9123
14281
9137
14286
14280
14254
9140
14261
15591
15594
9151
14269
15598
9169
14232
9179
14240
14241
9181
6905
6904
10896
9191
9197
6919
6918
21526
6927
6922
10870
5600
5602
5603
19219
10857
6943
6953
10862
10864
5628
5640
4305
4320
6981
5652
4322
10844
10845
10848
5643
6977
6976
10840
10841
15704
15718
3005
4353
19285
3022
19280
4348
5693
19297
5697
19299
19293
19295
19290
19291
4373
20253
20252
20251
19279
19273
4379
21574
16994
16993
16998
15667
16997
16996
14334
16995
16999
3092
14343
3099
14346
15679
14349
14312
15649
16979
14326
16950
16959
16953
15630
14303
15631
16968
13088
10817
9232
13093
9237
9245
14391
9257
13076
9251
10804
14376
13052
14381
9270
9273
14388
14350
14354
13020
9285
9283
13024
14363
9294
19345
19348
19347
19341
18012
19343
19349
19355
19323
19326
5710
19335
19334
19337
19336
18006
20320
19331
19330
19333
5722
5727
19302
19303
21624
10975
5737
19307
5750
19311
5747
19318
22930
10957
4426
10951
4442
3108
3107
4434
10962
5785
3116
3115
3114
3113
3130
14509
15838
14507
4455
5787
14501
15830
15833
4473
3144
4486
18085
3153
3151
18080
4491
18050
19382
18052
19396
18061
3176
19394
3171
3169
3180
20354
19369
19366
18030
3187
19361
3190
21696
19371
19372
3194
14452
14463
14464
15796
14434
14432
15769
15772
13115
13112
15779
14419
15749
14420
15720
9331
8007
9328
8011
10928
8009
22922
9353
9366
13184
8039
9369
10915
9377
8042
9374
9371
9389
14490
8056
14494
8059
8067
10904
13140
8077
8072
14479
8085
5809
19467
20455
8099
8091
19461
5819
5811
20464
19475
19471
5827
19443
4502
19458
5849
4516
5860
5852
5856
19434
19436
19431
18108
4553
5884
3230
3228
3226
3225
19416
3241
3240
14612
4581
3251
4590
3266
18195
3259
15929
3275
3280
3285
3283
3282
3281
15908
15902
3291
3299
3295
18181
15914
15918
3289
19489
18156
19494
13241
13246
13244
13253
25237
14589
13258
14551
15881
13227
15890
9413
14561
9407
15896
9405
13237
9409
15899
14530
13209
13202
13203
13200
15863
13201
13206
15868
13204
13212
13216
8113
9441
15846
8136
8145
9479
9472
8157
8158
9496
8176
13286
13284
13285
13291
8188
5901
8193
8197
8194
13272
13270
13274
13277
19585
5938
20583
5943
4613
19565
20556
4628
3304
3300
4634
3316
5990
19550
19559
19521
3340
20514
3339
3338
4664
4666
3353
3350
3346
3344
4675
4678
4679
18206
18208
3364
14737
3359
3358
4687
3376
3372
3370
14749
14742
13413
3382
3381
14712
3390
3392
3391
3389
3388
14705
18276
18285
12032
12040
13374
9506
12046
12048
9520
9525
12015
13344
12014
12018
13352
9536
9533
12022
8203
12021
14687
12026
12028
12027
9543
8214
15985
15989
14657
8220
8225
12004
12006
9569
8236
14632
15964
13302
13300
9573
21825
8252
19507
19509
19504
19503
19506
9598
19517
19516
12093
12099
12098
8273
8287
8284
8282
8291
12082
12087
13382
12057
4717
12069
18373
17057
17054
3406
4738
4730
3416
3412
4745
17033
3431
3427
3423
3429
17000
17001
4773
3442
3441
3440
3439
3438
3437
3434
17006
17007
17010
3449
3444
4777
3462
3459
4786
18325
3470
3469
4796
14858
13525
14855
3494
3493
3492
3491
12208
13531
14867
13537
14836
13505
14837
14835
13501
14832
14844
17083
17085
14820
14824
14822
14809
9609
9620
9624
9621
12155
9614
13486
9631
13496
12164
9625
13498
9641
9645
9638
12134
9639
9636
9637
14799
12140
8323
9654
9647
13475
9648
8333
9661
8331
8337
8335
13444
13442
14773
13451
9678
8345
7016
13457
9685
7021
14750
8357
8350
8349
14760
7037
8368
12109
14762
13431
12102
8375
7049
8387
7054
7053
18307
8398
7067
7077
7079
12191
7086
7085
4808
7099
12170
4829
12177
12180
12182
12186
3505
3503
4839
3500
3509
4833
3508
3507
3506
3513
3512
3511
3510
4846
4847
3530
14908
14906
18477
3540
3537
3532
3539
17157
3551
3548
18451
4894
3560
3553
20782
19794
4895
3583
3580
18436
18446
3596
3588
3598
3597
14973
13642
14977
12314
12329
12328
13651
14989
13656
13627
14956
13639
14962
13631
14960
14966
12305
14937
14936
14932
14946
13616
14941
9709
14919
14910
17196
17199
17195
14925
8413
12273
12275
9753
12288
12289
7100
9766
13583
12250
8440
7112
8447
8445
9776
12263
12266
9789
13560
12230
24215
13566
14899
8476
7144
8474
14871
12219
12218
13549
12210
14872
13542
14878
14879
14881
14880
7150
12229
13554
14889
8497
7164
8492
7175
4902
7196
4925
4928
4920
3601
12291
12295
4948
12299
4943
4945
4960
3625
4951
4953
4970
17283
3631
3651
3642
3646
3653
3657
3686
13720
13724
9837
8526
11072
11071
11079
8570
11035
7260
13669
12347
7289
18524
11084
3731
16070
16082
16064
3794
3784
3787
3788
18688
17351
12551
11202
8600
9931
9922
11213
12521
12507
6003
8659
8671
7349
6028
7376
12482
17316
18611
3849
3840
3871
16199
13919
17488
16143
12679
8700
13998
7409
8748
7432
7442
8777
6109
6133
11281
6128
6146
7494
7499
6162
12579
6186
6187
17441
3915
3919
3912
16120
3927
18754
3936
17431
17437
18740
17411
3961
3971
3996
16294
16272
8818
10117
8842
7505
7504
11458
12787
12760
7529
11435
6205
8885
11410
8895
7577
6239
7582
6256
6263
10080
6264
10084
6266
7592
6279
10063
6295
12690
10033
16237
16236
16249
16212
17526
16201
18860
12844
15086
15090
12826
12822
15062
16392
12802
7610
11594
10268
8953
7621
8946
11573
8972
10219
7635
12880
6324
6323
7664
6334
6327
11524
10205
8998
6352
5024
17601
5031
7695
10190
6379
5039
5053
6386
5055
6399
10181
5070
11482
10161
10166
16367
15034
15009
15008
16339
15017
16315
16317
17636
11625
11630
11614
7707
7716
10379
10380
7722
6403
10354
5103
12999
11661
12997
12998
10341
6439
11675
5122
7777
10311
10329
12987
5142
6482
6489
6479
6499
5170
5172
5189
10294
15157
17766
16411
16427
11742
11701
6505
6507
6530
5201
5202
6532
7856
7858
7870
6544
5203
7865
6554
6560
5229
11797
11760
5251
5252
6587
10449
5247
6594
5294
17818
16576
15246
16557
15201
15217
10549
10519
11858
11859
7917
11821
11836
7924
7926
11802
6605
14085
11809
6629
6640
5312
6633
5313
6646
10599
6671
5346
5363
5364
5359
4047
17961
16636
4061
4073
16619
17942
17906
15388
14062
14065
16691
16675
15347
16677
15345
16676
15349
14027
15357
11988
11989
10651
11982
10655
10661
11944
11942
14199
5409
5433
6757
5425
5428
5435
6765
4133
4154
5485
10670
14105
15439
14107
14171
14161
9011
9026
9036
15479
9048
9043
9041
9042
14121
9069
10774
9077
19119
6810
10712
6853
16916
16915
4218
4243
19178
6899
5586
5587
5588
4277
4268
16877
14216
15501
15504
15514
14292
14296
14284
15585
9157
15597
9161
14248
10895
9199
6913
19202
6930
10883
10885
10858
5617
4302
5638
3002
4323
3012
3011
15716
3007
3021
3033
4358
4374
3039
3050
3049
4398
3067
3062
3061
3079
3078
3069
3080
3086
14337
3095
14347
16973
15622
15635
9200
15610
16941
9223
9238
10818
13066
14377
9284
13031
5712
5713
4404
4405
10989
5744
5746
4416
5762
3100
5754
4440
5772
18099
15828
15821
15820
5794
3125
15834
3142
3138
3154
18081
3164
3163
18069
3177
3172
3185
15781
13126
15776
15754
15753
9324
9325
15738
15730
14404
9345
8017
9358
13182
13185
8037
9363
8030
8046
9382
13169
8064
14475
13145
5800
8096
5818
8090
5820
5835
3221
5877
4558
3239
3254
3250
15958
3249
4576
4592
3264
4587
3274
3272
3271
15936
15932
3284
3290
3293
13242
13249
14580
9403
15880
15884
13236
9424
14532
15872
13214
13211
15873
13218
15842
14515
15845
15850
9467
8131
13275
4609
5933
5934
5935
5936
4614
4616
3306
3305
5969
3311
5977
4654
18227
3341
3351
4676
14739
14738
4688
3374
14746
14716
3378
14714
13361
13366
13341
9531
13357
15981
15997
13332
12005
15999
9577
13315
9587
8259
8267
9596
13390
13395
4736
3417
4749
3411
3426
4758
18335
4776
18311
3464
18322
3466
3486
3485
3484
3478
3477
3489
13533
12201
14862
14833
14816
17095
17068
12151
9618
8302
13476
13441
9665
14776
9676
13450
14786
12125
13453
12126
14761
7036
13433
8372
7055
12197
7082
7081
7093
12171
4830
4850
4843
17145
3541
3549
3546
3542
17126
17129
17134
3585
3584
18440
3591
14958
13632
13602
9710
8400
17191
14929
8414
12277
12276
8405
12264
9784
9785
7155
14882
7151
14883
18411
8495
8490
7161
18424
7171
7180
7185
4912
4926
3604
4937
4938
3600
4930
3609
3607
3610
4940
3626
4959
4957
3638
3633
4987
17242
3684
17257
11102
12431
11119
8514
13712
11066
9868
12388
11057
11029
13698
12345
3734
11093
3742
13800
13816
17399
18699
16023
11221
9907
9915
9928
8611
9936
8616
13836
13831
9980
11181
7317
11163
7352
8682
11170
6022
8681
6037
7368
6056
3807
3813
13929
13922
3892
12609
16178
11346
12686
10023
11335
11316
8737
12624
6107
8768
7459
6129
6142
6140
6160
6195
17405
3965
3983
12716
17597
17592
16268
16267
11461
12796
12793
11466
11468
8815
11443
12772
12777
12780
11459
11453
7509
7522
7514
8849
6201
6200
7534
10106
12766
8875
11405
6207
8867
12731
7550
6223
8879
12741
8878
8888
7574
18820
18826
6262
7598
6267
6269
6260
6270
11360
12691
6294
11364
11374
10047
17572
18874
17514
11518
15094
16373
8900
8918
8924
8921
7606
11563
8947
7618
10240
7632
7626
8959
6310
7643
7637
8965
11541
7639
8982
8983
7647
6316
8990
8996
6335
8995
12856
12857
8989
6325
11522
5014
12862
7683
5022
7686
7688
17609
17606
18938
7693
5035
5036
17613
5041
5042
5044
5045
5046
5047
5048
6371
5040
6370
5038
6369
5056
6388
6387
6380
5050
6381
5049
18927
18922
6397
6396
6391
6390
6392
10182
5079
10188
5087
11488
5099
10163
11499
15005
18997
15012
16349
16348
16346
17643
16310
16326
16329
17622
17623
18956
17633
11632
12963
12913
15168
7708
12907
7704
7721
7717
6401
10384
10387
11680
6421
6418
6417
7762
6433
10337
6425
7758
11662
12996
5110
7774
5112
6444
7775
11679
11676
6452
5121
7785
10317
6447
6466
11650
12985
5141
6476
6468
5157
5150
6480
6498
5171
5196
10283
16470
15120
17761
16430
2990
16437
16436
17765
15114
16412
17744
10421
11735
10403
7806
7841
6502
6501
7835
6513
7847
7859
7874
5213
6535
7866
6552
10458
5219
7894
6565
6557
6559
6572
5236
5254
5248
5262
6597
5258
5282
10393
15268
15275
15279
15244
16560
17891
15206
15212
11863
11878
11870
11841
7908
11854
7911
7913
7915
7929
6619
7942
7962
7957
5306
5307
10592
5314
5316
10597
5319
5333
5324
6672
4014
6669
10573
10578
4022
4023
4024
4025
10583
5349
4030
4031
4032
4033
6696
4034
6698
4035
4036
4027
4028
4029
4040
4041
4042
4043
10569
4037
11892
4038
4039
5386
16635
4049
16638
16637
5391
17979
16649
17947
4089
17957
4096
17922
17900
14059
16692
16695
16699
14040
14044
14018
14020
14029
16652
17992
14003
10650
11986
10639
11955
6715
6722
6724
5404
5416
5426
5441
19058
4124
5458
5470
4142
5474
4146
4153
5484
19003
5480
5489
4176
4171
15428
15432
15431
15435
16765
15409
16731
16749
15417
11908
14181
9004
15482
14154
14159
14157
15498
9025
14132
15470
9038
9039
9047
9046
16773
16777
9057
9055
9053
16788
9064
19114
10784
10755
6801
9091
6823
6824
6831
6851
6863
10724
10727
5525
19187
6871
4222
4215
16922
6894
4245
19147
4260
4265
19135
14214
14217
16881
15512
19098
19093
16824
16823
14278
14285
14289
14251
9144
15593
9158
16891
15573
10893
19203
6929
6920
10872
10874
5607
5620
5614
6960
10865
5626
10837
6964
4321
10847
5648
15700
4328
15713
3017
4346
3031
3029
4357
3036
19271
3051
4397
3070
3074
3073
3072
13015
13013
15675
13019
15648
15653
15621
15620
16956
15639
16933
15615
9226
14390
13071
14389
15684
14352
9291
14369
15699
18029
10990
10994
5740
4420
5752
4421
3101
5753
10950
4428
4433
18096
3117
3129
15837
15832
3137
15803
3156
15810
15813
4493
3167
3159
3170
3174
3173
18036
3189
3183
18046
3195
3193
13133
14431
13101
13102
14446
9304
15741
9322
15729
15733
15735
15734
8024
10948
13181
8032
9375
10927
14492
14493
9386
13171
9392
14484
8083
5815
18140
5826
5841
5853
18102
18105
4532
18107
5880
4552
5893
3243
5898
3246
3263
3277
15937
15930
3298
18167
14575
13248
14554
13226
14562
15860
9423
15864
13219
15878
8114
8119
14527
9466
9473
8150
8175
13290
5913
5932
5944
18230
4623
5956
18249
5983
5993
18228
3349
3348
3362
13400
14735
13419
4698
18292
14706
18275
18273
14690
12033
14697
9511
9524
12010
13348
15982
8209
15987
9552
15996
9562
8237
8230
15963
15968
14635
8242
9597
12095
12096
8279
8271
12075
12077
8296
12089
12051
12055
12058
13392
17047
17041
18382
18383
3405
3407
17020
3420
3414
17028
3435
4763
4766
17013
4780
17012
4792
18310
18319
3475
13526
14838
9630
13493
8301
14796
8322
13472
9655
12111
13443
8328
12117
8343
9679
13452
13456
8339
14785
9683
14754
14755
8363
9693
9690
18300
7065
8396
8397
8390
8391
7060
12190
4804
4805
4815
4816
3504
4861
17171
4857
18479
4865
18454
18450
4891
4899
18438
17112
13640
13646
13644
14952
12309
13634
13604
17185
14913
14926
8408
7103
7105
13582
9757
12256
8427
13594
12265
13596
7122
8457
8449
13567
9795
8467
8472
7154
8485
7159
8482
14887
7162
7189
18400
7199
7190
4911
4922
4924
4939
4947
4949
3613
4941
4958
3621
4952
17288
4971
3639
3630
3635
3636
3637
4972
4974
3644
4975
3645
4976
4978
3648
4991
3660
3661
3654
4986
4988
3672
17271
4996
3668
3680
3683
17243
3677
3678
3679
3693
3694
3685
3687
3689
18550
18552
3698
3699
17236
18562
11106
13775
13773
13741
13742
13746
13743
12428
9803
12422
9804
9807
13755
9813
13738
13739
13730
9840
13706
13703
13709
9834
8520
9855
8522
13716
8516
8519
7202
8534
9866
11064
9864
12399
11067
9872
9873
7211
8546
11076
11077
7208
7209
8552
8550
8556
12373
11041
9885
8554
11042
8549
7217
12377
12378
11044
8547
8548
12379
9894
8564
9895
9892
8562
8567
8565
8566
9891
12387
8559
8574
8575
7241
8573
12351
8579
8576
13681
7247
8571
13686
12355
11025
11026
11030
12362
12363
11032
12366
12364
7267
8590
7262
8591
12339
14999
7277
7276
12340
13672
12344
17200
17202
18534
18530
7282
7284
3706
3701
3715
3717
3710
3711
3712
3714
18501
3726
3729
18508
18504
3725
11081
3737
3730
3732
3736
3740
3743
3744
3746
3747
16075
16079
3761
13804
13805
3755
3756
3757
16085
3771
16080
13815
3766
3767
13812
16053
17389
3774
3775
3776
3778
3790
3792
17392
16061
17368
3795
16038
17373
16010
17345
17346
16016
17350
17352
17353
12550
11228
12559
13882
12557
12558
9908
11232
11231
13893
13894
11233
11236
9906
9905
13898
9920
11208
9913
12531
9912
12534
8601
12548
12542
9924
11212
11216
9942
8612
12518
12519
8602
13845
12511
9937
8606
13843
13857
13851
8613
9949
8618
7302
9963
8626
8627
8624
9956
7310
9970
7312
9976
13838
12505
12508
7304
9967
12503
13834
8652
11182
7322
8653
11186
7324
9985
8647
7330
7332
11193
6000
9997
9996
11196
7341
12490
7340
12491
7343
6012
11160
8672
11162
8678
12495
8676
7338
6008
8685
6020
6025
8687
6026
11174
11177
6019
6032
6031
12472
7366
6035
8697
11149
7373
7375
6044
7378
6046
6049
6040
12487
6054
6057
7383
12454
12459
12456
11128
6065
6067
7397
6069
6068
13790
7391
6062
13797
11137
6078
6079
6070
6073
17328
3805
3806
3808
16005
17336
3800
3802
6098
6097
6093
6096
6095
3817
3818
3810
17304
3811
3812
17306
17313
3825
3828
3829
3820
3821
18647
3838
3830
3848
3841
3843
3846
3858
3855
3857
3861
3864
13924
13928
3873
3890
12606
3883
13932
3889
3894
3896
13914
16158
16165
16164
17499
17494
16131
17466
17471
17472
16145
16149
17479
11343
10015
12680
11353
11354
10026
10028
13989
8709
12659
11320
12653
8707
8708
12654
11325
10002
10003
11337
8716
8730
11306
8725
12630
13962
11300
8729
11303
8740
7411
12649
8736
7404
7407
12646
7422
7421
12617
12619
7416
12610
6100
8760
7433
6101
8764
12626
7425
8756
7428
7427
8757
12623
13952
8773
6111
6113
6112
7446
8784
7455
7456
7448
8779
6131
7463
7466
7465
6137
7467
8790
7460
7458
11289
6141
6144
7474
6138
7469
6152
7486
6155
7488
11260
7489
7482
6149
12599
6165
11271
11278
6177
6179
6178
11245
11247
12577
6189
3905
11254
11255
18773
3913
3916
16118
16117
17449
16124
3924
3926
3929
3920
3923
3938
3939
17429
3930
3931
3932
16103
3948
17439
16104
3943
3944
3945
3959
3950
3953
3954
3955
3970
3968
3960
18749
3962
17414
3966
17415
3967
3980
3977
3978
3992
3984
3985
3986
18723
3989
12719
3993
3994
3995
12711
12712
3999
12726
12724
12728
12722
12720
16297
16292
12708
16275
16274
16279
16277
16289
16280
16253
16251
16250
17588
16254
17589
17598
16262
16266
17594
17595
17591
12791
10130
12790
12795
11462
8800
10135
8807
10138
11471
10145
8811
10144
11478
10147
11477
7501
8830
7500
12774
12771
10112
10111
11442
10113
12775
8827
7511
10129
12784
10121
8836
11451
8833
12783
7507
12788
11455
7506
8837
12786
8838
8853
7521
8854
12759
11427
11428
12751
8845
11423
7519
8861
7532
8865
8862
6203
6202
10107
10109
11439
8857
11430
8858
12763
11432
12761
10105
8872
8870
6212
7542
8876
8873
6214
8874
6213
12737
12738
11407
7536
8868
6204
8869
8866
7537
6206
11401
6208
8883
6221
7552
8880
6220
7554
7556
6224
11415
12746
11418
6216
12740
7547
6215
6218
7549
6217
11412
6219
11413
7560
10093
6232
7562
8892
7565
6234
10094
6236
6235
6227
6226
6229
8889
6228
6241
7571
6243
6242
6245
7575
6244
6247
6246
18825
7569
7568
8899
18822
6252
6251
10071
7585
10070
6253
7584
7587
7586
6258
6257
6250
6249
6248
7594
7593
10082
7597
6268
6261
10087
6259
10089
6273
6278
11381
6277
10052
6271
10055
11388
10056
10059
11389
6285
6287
11391
6286
11393
10062
10061
6288
6281
6280
6283
6282
11397
11399
10069
6296
6292
6291
11363
12697
10035
11366
10039
12698
11370
11373
11372
10044
10043
10046
17564
17566
17561
16233
16238
17574
16242
16245
16248
16247
16210
18871
16219
18878
18879
17552
16228
16226
16225
18888
17558
18850
17527
17529
18861
17532
17533
16202
16200
16206
17538
18869
17534
17535
16207
18831
17504
17511
17516
17518
17512
18844
17513
11504
11506
11508
12830
12831
11514
12849
11510
12841
15085
15082
12819
15098
12823
16396
15067
16398
16391
15076
15074
15073
15079
15078
15072
12807
15043
16374
15042
16372
15040
16371
15046
16377
16375
16370
8908
8901
8902
8905
15054
15052
15057
8920
15055
16380
8919
8911
8916
8917
11580
10251
11581
8929
11588
8925
8942
7611
11592
7609
8934
11595
8932
7604
10267
7608
10269
7620
8952
7613
10231
10230
10233
12893
8944
8949
7619
10236
12897
6300
6302
10249
8956
7623
10244
10243
8958
7629
8970
8975
10217
11547
12879
10218
12872
6304
8968
6303
6306
8966
12871
10210
11544
12876
11546
12875
8985
7652
8984
11559
12883
8979
6314
7648
8977
12887
6319
6318
11554
7649
10223
11556
6331
8991
5000
6330
6333
5001
5002
6332
7663
5003
7666
5004
12859
12850
12851
11521
6329
12853
6340
6342
5010
5012
5013
6343
12869
11537
11536
11538
12861
5005
6337
6336
5006
6339
5008
11530
6338
5009
10201
12863
6351
6350
5020
5021
6353
7684
6355
5023
6354
7685
5026
6356
6348
5017
6347
18936
5018
18937
6349
17600
6362
5030
6361
5032
6364
5033
7694
6363
5034
7697
6366
7696
6368
5037
6367
6360
17615
6358
5028
17616
5029
18945
6373
6372
5043
10192
6374
6377
6376
10196
6378
6384
5052
6383
5054
6385
6389
5051
18925
18920
6395
5063
6394
5064
5065
5066
5067
10172
6398
10174
5061
5062
10177
5074
5076
10183
10185
5071
5073
10187
10186
10189
5086
10150
11483
10151
5081
5082
5083
10156
11486
5097
5098
11490
11491
10160
5091
5092
5093
5094
5095
10164
10168
16355
17681
17682
15023
16354
17683
15027
17688
17689
17695
15030
16361
15035
16366
17693
17694
15037
16368
17699
18994
17665
15003
17660
16332
16331
16337
15004
16335
16344
16347
17679
17652
16321
2874
17655
17656
18988
17629
18953
17625
17630
17632
18968
16302
18965
11627
12950
12954
12969
11637
11639
10301
12965
11631
10300
11602
12933
11604
11606
11608
12938
12932
11601
12947
12940
12941
15185
15184
15189
15188
12914
12912
12915
15197
15194
15193
15192
12925
12923
12920
15163
15162
16498
15167
16491
15173
7710
12900
12906
12905
7703
10370
10372
7719
7711
7713
10383
6400
7723
10385
7724
7727
7726
7729
6410
10350
6412
7743
6411
6402
11682
6405
6404
7738
6406
10355
11689
6409
6408
10357
11688
11690
6423
11692
11691
6422
6414
11694
7744
6413
6416
6415
7746
11698
7748
6419
10368
6430
5100
6432
6431
5102
6434
7765
7764
11669
11668
10339
10330
6424
6427
6426
10331
11665
6429
6428
10333
10336
11666
7770
7772
6441
6440
6443
5111
7773
6442
5113
5114
5104
11672
6436
5105
11671
6435
10340
11674
5106
6438
10343
11673
7768
10344
11677
6450
5120
7783
6451
6454
7784
5123
6453
5124
6456
6455
12979
11647
10315
11649
10318
5115
6449
5117
11643
11642
7792
6461
6460
5130
7794
6463
5131
6462
5132
6465
7796
6464
6467
5135
5136
7790
11659
5126
6458
5127
7788
5129
11651
6459
11654
11656
6472
5140
6473
5145
6475
5146
6477
5147
6470
5137
17725
17726
5138
17722
5152
6485
5153
5154
6486
6488
5158
6481
5148
16404
5149
16403
17738
16402
16401
17734
17735
6494
5163
6493
5164
6496
6495
5166
6497
5167
5169
6490
5160
6491
5161
17708
5159
5173
5178
17711
17712
5185
5186
10291
10290
5188
10295
5181
5182
5183
10298
5195
5197
5198
5190
5191
5192
5193
5194
10272
10275
10274
10277
10276
10279
10278
10282
10281
10284
10288
10287
10289
15146
16476
15147
15153
16484
16481
15150
16486
15159
16489
16450
17786
16452
2961
15127
16458
16456
17787
17788
15131
17794
16461
16465
17791
17792
16463
16469
15137
17798
17762
17764
15102
16432
15100
17760
2987
2986
2985
15105
15109
2989
15107
15113
16442
15110
2999
2998
2997
2996
2995
2994
2993
2992
15117
16415
16419
16417
17746
17750
17753
16422
16426
16423
16428
17756
11748
11747
10416
10418
11740
10412
10426
10427
11758
10429
10420
11753
11724
11720
11721
10405
10408
10407
11733
7808
11714
7809
11717
11719
11718
7800
7802
7804
7803
11711
15282
15289
15281
15280
7815
15293
6500
15297
15292
7824
7828
10491
6511
10493
7842
10492
6509
7832
10497
6503
7836
6508
6520
7850
6512
6515
6514
6516
6518
7860
6533
6524
10472
7857
6526
10475
6525
6528
6542
5210
10480
6541
5212
10481
10484
5204
6537
5205
7868
5206
6536
6539
10488
5208
5209
7880
6551
7882
5220
6550
6553
5221
7883
5223
5224
5214
10450
6545
11781
5216
11784
5217
11786
5218
10455
6549
10457
7890
5230
6562
5231
5233
5234
5235
7888
11793
5225
10462
7887
5227
5228
11794
7889
10466
10465
11799
11798
5240
5241
5242
5243
5245
5246
5237
5238
10430
5239
6583
5253
5256
6588
5257
10448
11770
5249
10442
11772
11775
11774
11777
10445
11776
5261
6596
6599
6598
5260
5259
16512
17842
17843
16516
5273
5274
16520
5279
16523
16529
17855
5284
5286
5287
5288
5289
5280
5281
17825
17830
5293
17839
17832
16506
17809
17803
17805
17813
17816
10392
10396
15263
16593
16597
16599
15277
16570
15245
15242
15248
15247
15251
16582
16589
15258
15223
15222
16558
15224
15229
15228
15230
16561
17896
15233
16563
15231
15238
16568
15236
15239
17862
16531
16530
15205
15203
15202
17864
17865
17867
15210
16547
16544
15219
15218
17878
10536
10532
11865
10547
10548
10540
11874
10545
10544
11845
11844
10515
10517
10510
10524
7909
11857
10528
11850
7900
10521
10523
10522
14097
14098
14099
11823
11822
7910
7916
11820
11838
11837
10509
11839
11832
7927
10501
11831
14073
14078
14076
6610
14077
7939
11800
11803
11807
6601
7934
6604
6607
14083
14089
14087
7952
14088
6612
6611
6613
7947
6618
7948
7961
7960
6631
5301
6623
6625
7958
7970
7971
5311
6643
5302
6634
5303
5304
7966
5305
6638
7969
5308
5309
7981
6652
5320
5321
7984
10594
6645
10593
7975
5315
7978
5317
6649
5318
7979
7990
7991
4000
4001
4002
5334
6664
6655
7989
5326
6657
6670
4010
4012
5344
4013
6675
10572
7998
7997
6666
4005
5338
4007
5339
4009
5351
4020
5355
10580
5356
4015
10582
4016
4017
4018
4019
10588
6692
5361
6694
4026
10552
10551
11885
5374
4044
4045
4046
5377
6699
11891
10562
10565
10566
11897
4051
5383
4052
17962
15300
4057
5389
4058
4050
15304
4048
15302
17969
16632
15301
15308
16639
15306
5393
4062
17970
17971
4063
4064
17972
4065
17973
4066
16642
4067
16640
5399
4068
4069
4060
4059
15315
17974
15318
17975
17976
4074
4075
4076
4077
4079
4070
4071
4072
17949
16611
17941
16616
16615
4084
4085
4086
4087
4088
4080
4081
16629
17956
17952
16627
16626
16625
4095
4099
4090
4091
4092
4094
16609
16607
17932
17901
17919
17914
17915
14053
15382
15381
14058
15389
15393
15398
15391
14069
14030
16693
15366
15365
14035
15364
15363
14038
15367
14041
14042
15372
15371
15370
15377
15376
14043
15378
14048
15340
14010
14016
14014
14015
15355
14023
16685
14024
15353
16684
15352
14025
15356
17981
17982
16653
17989
17988
17993
16662
15337
16667
14006
14007
11987
10653
11984
10652
11983
10667
11998
11993
11997
11968
10638
11962
10645
11979
11973
10641
10643
10612
10614
10617
11948
10618
6700
6702
11940
6704
11941
6705
10627
6711
6710
6712
11951
11953
6717
10622
6730
14192
11924
11926
11928
11920
6727
6740
6742
11933
11932
11935
11937
10605
10608
5402
6737
6736
10600
6739
5407
11930
6738
19066
5420
5421
19069
5422
19061
19060
5413
5414
6745
5417
5419
6762
5430
5431
6764
5432
19070
19072
5423
5424
16804
6759
5427
6774
5444
19042
6766
4103
4105
5436
6768
5451
4121
5452
5453
6783
5454
6786
5455
5445
5446
4115
5447
5448
5449
4119
5460
4131
6792
5462
4132
4134
6797
10690
4135
19021
5457
6787
4126
6789
5459
4128
4129
4140
5471
4141
5473
4144
4145
5476
19035
5477
19030
6798
4139
4150
4151
5482
4152
4155
5488
4157
10679
5478
4147
5479
4148
10676
5492
4161
19015
5493
5494
5495
4164
4165
4166
4168
5499
10689
4158
19019
4172
4173
4175
15421
4177
4179
4170
16753
16758
16757
4183
4184
4186
4187
4188
4189
4180
4181
4182
14104
14102
15434
16764
14103
14106
16769
4194
4196
4197
4198
4190
16737
15410
16741
16740
15418
16747
16719
16718
16729
16703
14175
11902
11904
14185
14182
14188
14189
11911
11915
11916
14152
9007
15485
15484
15489
14158
15494
9015
15492
14166
14167
9016
9017
14168
14169
15499
15460
9023
9029
14133
15463
9028
16793
9021
15469
14138
15467
14139
15471
9037
15476
14144
15475
14145
9033
9031
14148
14147
16770
16774
14112
16772
9040
9044
14113
15445
14114
16779
9059
9056
15453
16783
15452
16782
9050
9051
9054
9052
14126
14127
14124
14125
9067
9061
9062
9060
9066
10770
10772
10773
10776
10775
19109
9078
9079
9076
9075
10789
10781
10780
10782
9089
9083
9084
9082
9088
9086
6807
6809
6808
10757
9080
10759
9094
9095
9092
9099
9096
9097
6818
10766
6819
10768
9090
6811
10763
10762
6815
6829
10738
6821
6820
10730
10732
6841
6840
5500
6833
10740
10743
5521
10711
10713
10715
6843
6847
10710
6848
6860
4201
10722
10725
5523
6856
6855
5526
5527
10721
4210
6874
4211
4212
16918
16919
6864
6867
4205
6869
4206
6868
4207
4209
6881
4220
19199
4221
5553
4223
19195
19194
16921
4213
6875
4214
4216
6877
4217
16925
16923
4219
6890
4230
5562
4231
19166
4232
6893
4234
6895
4224
6887
4225
4226
6888
4227
4228
4229
4240
4241
4242
4244
19173
19174
6898
4236
4239
16903
16902
4253
4254
5585
19146
4246
5577
4249
19155
4267
19156
19153
5590
4257
4258
5589
4259
4271
19122
4270
10792
10796
10795
10798
4285
4287
4279
15542
4290
15546
14212
14213
15543
15549
15548
16880
15553
16884
16883
15552
15551
16888
15557
15556
15555
16885
14229
16851
15524
15522
15521
16859
15525
16861
16860
16866
16865
15533
15532
14207
15537
14206
15509
16839
15507
15502
16837
16836
15503
16843
15511
15516
19088
19087
19083
16819
19090
19095
19097
19094
16822
14295
9106
9107
9104
14290
9113
9114
9115
9116
10700
10706
9109
14273
14271
9128
14274
9120
9135
14283
9136
9133
14287
9139
14288
15580
15584
9148
9155
14265
14266
14263
14264
9150
9152
14267
15560
9168
15563
14233
16892
9165
16899
16898
14239
15571
15574
14244
9170
14246
14249
9188
19221
6906
6908
6909
10891
10890
6900
6902
6901
6903
19237
9193
9192
9195
9196
6917
9190
6914
6928
10876
6923
19206
6925
19214
19213
10888
6938
10889
10880
10882
6932
10881
5605
10886
5606
6936
6950
5618
6949
6942
6941
5613
10853
6947
5630
5631
5629
10868
5621
6952
5622
6955
5627
6970
6973
5641
6972
10829
10832
10834
10836
4301
5632
5633
6965
6968
6967
4306
6969
6980
6982
6984
10843
10846
6975
4312
6974
5644
4314
5646
5647
6979
10842
5649
6991
5660
5661
4331
5662
5663
6994
4333
3001
3000
15708
5656
6987
5657
5659
5671
5672
4342
3013
3010
3009
3008
15717
3006
3004
3003
5665
5666
6999
4336
5667
5668
6998
5681
5682
5683
5684
5686
3024
3023
3020
3019
3018
3016
3015
3014
4349
5692
5694
5695
3035
3034
3032
3030
3028
3027
3026
3025
5687
5688
5689
4371
3046
3045
3044
3043
3042
3041
3040
3038
3037
5699
3057
3056
3055
3054
3053
3052
4380
3048
3047
3060
4392
19248
4399
3068
3066
19241
3065
19240
3064
3063
3059
3058
3071
19257
19253
19256
19255
3077
3076
3075
3082
3081
14331
14330
16991
3089
3088
3087
3085
3083
14335
13004
14333
15664
3093
3091
3090
15674
15672
14341
3098
3097
3096
3094
13016
13014
13017
13018
14313
15644
14311
16974
14317
14318
15646
14316
16983
14320
15651
16981
16980
16986
14322
14323
14328
14329
15629
16957
16955
14309
15634
14302
15633
15632
16963
16962
14301
16969
16967
15636
16966
9201
9202
9206
15608
15607
16938
15606
16937
15601
16930
15604
15602
9213
9211
15619
15618
16943
15612
15611
16940
16946
15614
15613
16944
13084
9222
10808
10809
10810
10812
10815
10816
13096
13094
9239
9230
9231
13090
10826
13063
13067
9247
14395
9248
13065
13068
14399
13074
9254
9258
9259
13070
10803
10806
9267
14372
9265
14370
13045
14373
13042
9269
9260
9264
13048
14379
13046
9278
14383
13054
13059
9288
15685
9282
9280
13027
14355
15686
14359
15692
14360
15691
9298
14364
14362
9293
9296
9297
13038
13036
15697
18015
18016
18019
18026
18024
5700
5704
10991
10996
5716
18001
5723
18007
5726
4408
10977
10979
10970
5733
4403
5736
10974
5751
10987
10986
5743
10980
5745
4418
10984
5760
4430
4431
4432
5763
10953
10956
10959
4424
5755
4425
5756
5758
4427
10952
4429
5770
5771
5773
3112
3111
3110
10965
3109
10964
3106
3105
3104
10968
3103
3102
5764
5765
5769
10960
5781
4451
5782
5783
18094
3123
3122
3121
3120
3119
3118
4445
4446
4448
15824
5793
4462
4463
4465
3134
3133
3132
3131
14506
3124
5786
4458
14503
4472
18077
3145
18073
3143
3141
3140
3136
3135
5797
4469
15800
4483
18087
4487
3155
18084
18086
3152
15817
3149
3148
3147
3146
4478
4479
15812
15811
18059
4494
18055
4498
3166
18051
3165
3162
3161
3160
3158
3157
3178
3175
18064
3168
3181
3188
18031
3186
3184
3182
3179
3192
18048
3191
18043
18040
18042
3196
15780
13122
14456
13123
14455
13124
14458
14459
15789
13132
13130
14461
15793
15792
14462
13136
15799
13134
14466
13135
13138
14435
15765
15764
15768
14436
15767
13110
13111
14440
15770
15777
15775
14444
15774
15778
9305
9302
9303
14413
15742
14416
14417
15751
9316
9313
9309
14421
9307
15757
9327
15727
15722
9334
9337
9338
14409
14401
15736
9344
8013
8014
8012
9348
8018
9346
10929
8010
9341
10932
10934
10933
8008
10930
8022
9354
9351
9352
8021
9350
10944
10941
8035
9367
9364
8033
9365
8034
8031
9361
10911
10916
9378
13195
13198
13199
9379
13197
10918
10917
13190
8040
8041
10921
8057
13164
9380
8050
9381
8054
8051
9383
14498
13168
9399
9397
9398
9390
8063
9394
13179
14474
13142
8071
8070
8075
13148
14476
14477
13150
14480
8089
14485
13152
8084
5806
13156
14487
18132
8094
8092
8098
5810
18139
5812
5814
5824
18113
5838
5831
5832
4501
4503
5834
4506
18125
5842
5844
5845
5846
5847
5861
5862
5855
5857
5858
18104
5872
18100
5863
4535
5867
4538
18109
5882
3222
5878
5879
4548
4549
5892
4563
3233
3232
3231
3229
3227
3224
3223
4554
4555
4557
4570
4574
4575
3244
3242
15948
3238
14617
3237
3236
3235
3234
4565
14611
4566
4568
14614
14615
14613
4580
4583
4585
3255
3253
3252
14627
14628
3248
3247
3245
4578
15956
14623
15955
4593
4594
18198
18199
3265
3262
3261
3260
15926
3258
3257
3256
4589
15924
15922
3276
3273
3270
14607
15938
14608
3269
3268
14609
3267
14600
14601
14602
18177
3288
18172
3287
3286
18170
15905
3279
3278
18186
18188
18182
3297
3296
3294
15913
15910
18157
18158
18154
18152
18168
18169
14570
13243
14572
13247
13245
14579
14584
14582
13257
13256
9400
15883
15882
9404
13221
9401
9402
14550
13224
15887
15886
13225
13222
15885
13223
14559
9410
14563
15893
13230
9406
13239
14568
9421
9422
13208
9418
9417
15869
14538
13207
13205
15866
8101
9433
9431
9436
8106
9437
13210
9434
8104
14544
13213
15874
9427
14543
14548
13217
15879
14546
13215
8111
9445
8115
8109
8107
9438
9439
15844
9454
9455
9459
9457
9450
8120
14529
15853
14520
15852
9449
15851
14526
15856
14525
8134
8138
8139
9461
8130
8146
9474
8144
9475
8142
9471
8156
9488
9486
9483
8153
9498
9497
9490
9491
8163
9492
8162
13282
13281
8170
13288
13289
13293
13297
8183
8184
13299
5900
14592
13261
14590
13264
14595
8191
8196
5918
5919
13268
14597
5911
5928
5929
5921
5924
18253
5937
4608
5939
5930
4604
18269
18263
4617
5949
5941
4610
5945
4615
5947
18232
4622
5953
18241
5970
18244
3310
3307
3303
3302
3301
5963
5964
5965
4635
3308
18214
18210
18211
3321
3320
3318
3315
3314
3313
3312
5974
5975
4645
4646
4648
4649
3319
18224
4660
4661
18220
5986
4655
4656
5987
5989
4671
4674
3343
3342
5996
5997
4667
4668
4669
4681
4682
4683
4685
3354
3352
3347
3345
4691
4692
4695
3365
3363
3361
3360
13408
13406
13407
3357
3356
3355
4686
13401
4689
13404
3375
3373
3371
13417
3369
3368
3367
3366
4697
4699
14740
13410
14741
14747
14745
3387
3386
3385
3384
3383
3380
14715
3379
14719
3377
14710
14711
3398
3397
3396
3395
3394
3393
14726
14721
14724
18293
18294
18295
3399
14707
14708
14709
14702
14703
14700
18274
18277
18287
13360
9502
12030
14693
13362
13367
12035
14699
12036
12038
13369
13370
9510
13371
12042
9513
9514
13373
13378
9507
9504
12047
9505
14670
14677
9516
12017
13349
14678
14679
8200
8201
9530
9535
8205
14682
9526
13354
14689
13359
12029
8212
9540
8210
8215
9546
9547
8216
9545
13329
8208
14654
14655
13324
9537
15984
15983
8207
14658
13327
13328
14656
9553
8223
8221
9557
13330
8226
13331
14662
9550
12009
8219
13334
13335
12001
8217
9548
15995
8218
14664
12003
13333
13336
15998
12007
13337
14668
8231
8238
13308
13301
14630
14631
14636
14637
15967
14634
9575
9576
8245
9579
8248
14640
8240
13318
13312
15974
13310
8239
15973
14641
15979
14645
15977
9586
8253
9585
8258
9589
9582
8250
9595
9599
8269
9590
9593
8263
9594
8260
9592
8261
12097
12091
12090
8288
8280
8285
8297
12073
12076
8290
12079
12084
12080
13385
13386
12054
13389
4704
12060
13396
12064
12063
12066
4719
12068
13398
13399
4715
17046
17048
17042
17045
17040
4724
17056
3404
3403
3402
3401
3400
4731
4732
3409
3408
17024
17025
18356
18357
18358
4750
4751
3415
3413
3410
4744
18359
4746
3419
3418
17035
18367
17031
4761
18365
3430
3425
3424
3422
3421
4754
4755
4756
18333
4770
4771
3436
3433
3432
4767
17015
18341
3448
3446
3445
3443
17017
4779
18349
17019
18312
18313
4790
4791
4794
4795
3463
3461
4787
4788
4789
18315
3474
3471
3468
3467
3465
4797
18329
3483
3481
3480
13529
3479
13522
14850
13520
14854
13523
13524
3497
3496
3495
12207
12209
13539
3488
3487
13532
12200
12203
13534
14865
12205
13535
14839
3499
13509
14834
13519
13511
13514
14819
14812
14813
14811
17099
17093
17096
17092
17069
9601
17064
17065
9602
9600
18394
9612
9613
17076
9610
9611
14805
14807
14808
9605
9606
9603
9604
9607
9608
14800
13480
9623
12152
13482
9622
9616
12156
9617
9615
12157
12159
9619
13491
13492
12161
9634
13495
8304
9635
9632
9633
9627
13499
9628
13497
9626
9629
9642
9640
8315
14794
9646
8312
13460
9643
12131
9644
14795
8305
13465
12138
12139
9653
9650
8320
13474
12143
12142
12145
13477
13478
12147
8317
13479
7000
9663
8332
9664
13440
7004
7003
9668
14770
8329
12114
14774
13448
14779
12115
12118
7011
7010
8342
14782
14783
12121
12120
9670
8338
7009
8354
8355
8352
7024
9687
8356
9682
7019
7018
13421
14757
7033
9697
7032
9695
9698
9699
7031
13439
14768
13437
12105
13438
12104
12106
8377
8374
7046
7045
8379
8370
7041
8380
7051
8384
7050
8382
7052
18305
7066
8394
7061
7074
7089
12193
12195
7080
7083
4807
4809
4801
4803
7098
7094
7096
4818
4819
4813
4826
4828
12178
12179
4821
4825
12181
12183
12185
12184
3502
3501
4832
4834
18496
17160
4842
4844
17178
17174
17175
17170
17172
14904
14907
4853
14901
3529
3528
18476
18478
18472
18475
17144
18471
3538
3536
3535
3534
3533
4862
4863
4864
4867
17158
4880
4881
17154
3550
18482
17151
3547
3545
3544
3543
18453
3563
3562
3561
3559
3558
3556
3555
3554
4884
17127
4889
17135
17131
3574
3573
3572
3571
3570
3569
3568
3567
3566
3565
4896
4897
4898
17138
18432
17102
18433
18435
3582
3581
3579
3577
3576
3575
17113
17111
3594
3593
3592
3590
3589
3587
3586
18448
3599
13641
14978
14976
14980
13650
12320
13654
13657
12325
14986
14987
13628
13626
14951
14954
14968
14969
14963
13630
14961
13635
14967
14964
13606
13600
9711
9712
14947
9702
13613
14945
14943
9723
14914
14917
9713
9714
14911
9719
14912
9731
17192
9727
9725
9729
9742
9743
12274
8406
8407
9735
12278
9736
9751
8421
9752
12283
8425
9756
8422
8417
12287
9749
9746
8419
13580
9761
8435
13581
12255
13587
13585
13586
13590
8442
9771
12260
9778
12261
7113
8444
7115
13593
13598
7109
13597
7121
8454
8451
9782
9783
8452
13561
8458
8455
7127
9786
7126
8456
7118
12232
9779
13563
7119
12236
12239
8464
8462
13573
8466
9797
7138
12242
8460
7130
7129
13577
13574
13575
8475
7145
8473
7146
8477
7148
7140
13541
13547
14876
8484
7157
12220
8489
8481
12221
13555
12224
14884
13553
12226
13557
8499
8493
7163
7176
7178
7177
7170
7172
7174
7187
4903
4904
4905
4906
4907
4908
4909
4900
4901
7198
7197
7192
7191
7193
4914
4915
4916
4917
4918
4919
4910
4913
4929
4921
4923
4936
3602
4931
4932
3608
4933
4934
3606
3605
4935
12293
12292
3615
3614
3612
3611
4942
3619
3618
4944
3617
3616
3623
3622
3620
4950
4954
3629
4955
3628
4956
3627
7229
3719
3721
16049
9968
39
6033
6039
3816
3863
6114
3917
6230
6298
6299
5019
5027
6382
5075
5090
6407
6584
17856
4004
4078
4143
9063
14259
14378
5780
5788
5914
5920
5931
3473
3472
7039
7087
4800
3557
3564
3595
4927
3603
4946
3624
